<phenotype>								
taxa	data	data	data	data	data	data	data	data
Taxa	PH	EH	SHL	ASI	LAZY	KRN	KWT	albino
1902-2	190.56	123.89	11.85	0.33	0	10.44	3	0
1902-4	169.58	93.33	14.39	-1.25	0	12.17	3.68	0
1902-6	188.33	92.92	44.45	0.25	11.54	11.83	3.66	0
1902-7	192.92	101.67	21.59	-1	0	9.58	3	0
1902-8	245.42	131.66	16.51	-0.75	0	9.75	3	0
1902-11	197.92	114.17	16.51	-0.5	0	12.33	3.35	0
395-16	192.08	95.83	20.74	-0.5	0	9.17	3.91	0
1902-15	202.92	114.58	18.63	-1	0	12.5	3.23	0
1902-18	183.33	101.67	14.39	-0.75	0	11.33	3.29	0
1902-19	200	116.67	26.25	0.5	0	9.83	3.36	0
1903-1	171.67	87.5	13.97	-1.25	0	10.83	3.41	0
1903-2	187.08	118.33	15.66	0.67	0	8.5	2.87	0
1903-6	192.22	122.22	16.51	0	0	10	3.13	0
1903-7	227.78	141.11	15.66	-0.33	0	12	3.42	0
395-15	191.11	107.22	11.43	0.33	0	15	3.56	0
1903-11	167.92	71.25	19.9	-0.75	20	11.92	3.29	0
1903-12	189.58	95.42	27.09	-0.75	0	11.5	4.05	0
1903-15	180.83	85	32.6	-2.5	0	12.58	4.57	5.56
1903-16	208.33	112.5	20.32	-0.75	0	12.92	3.83	0
1903-20	182.5	84.17	12.28	-1	0	11.83	3.81	0
1904-2	183.75	99.59	24.55	-0.5	8.33	10.5	3.68	0
1904-11	172.92	78.75	24.55	-1.5	0	12.5	3.34	0
1904-13	235	137.33	15.66	-0.25	0	11.5	3.59	0
1904-16	225	134.17	13.55	-2	0	10.89	4.02	0
1904-20	197.5	107.92	13.55	-0.5	0	11.25	3.51	0
1904-22	173.75	100.83	15.66	-1	0	10.42	2.76	0
1905-2	203.75	107.08	26.67	-1	0	11.5	3.36	0
1905-6	204.58	126.67	11.01	-0.75	0	11.08	4.08	0
1905-8	183.33	100.42	13.97	-1.75	0	11.5	2.76	0
1905-13	200.83	114.17	14.82	-0.75	0	9.42	2.91	0
1905-15	203.75	121.67	16.93	-0.75	0	12.58	3.29	0
395-14	214.58	127.92	19.47	-0.75	0	12.83	4.21	0
1905-22	201.67	87.08	23.28	-0.25	0	15.5	3.97	0
1905-23	187.5	93.75	21.59	-1	0	11.08	3.77	0
1905-24	217.08	126.67	25.4	-0.25	0	12.67	3.44	0
1906-6	180.83	97.92	13.55	-0.5	0	15.17	3.9	0
1906-8	215.83	123.33	14.39	0	0	15.67	3.93	0
1906-10	192.92	101.25	16.09	0.25	0	12.33	3.77	0
1906-12	203.33	114.16	15.24	0.25	0	13.33	3.04	0
1906-15	220.42	110.83	16.09	-1	0	11.08	5.74	0
1906-20	223.75	133.33	21.17	-0.5	0	9.92	3.84	0
1906-22	203.33	114.16	13.12	-0.5	0	12.5	4.35	0
1907-1	163.75	83.33	24.55	-3	0	14.83	3.24	0
1907-2	175	95.83	19.47	-0.5	0	12.33	3.71	0
1907-4	200	121.11	12.7	-1.67	0	11.78	3.91	0
1907-6	199.17	115.42	11.85	-0.25	25.32	12.33	3.93	0
1907-8	212.22	127.78	26.67	2.67	0	7.78	2.95	0
1907-9	208.33	125	11.43	0.33	0	14.5	3.9	0
1907-14	213.33	124.67	23.71	0	0	13.67	3.44	0
1907-15	209.45	122.78	15.24	0.33	0	10.22	3.58	0
1908-1	194.44	102.22	22.01	-0.67	0	14.22	3.77	0
1908-2	217.5	131.25	12.28	-0.5	0	10.42	2.98	0
1908-4	232.22	150.56	17.78	-0.67	0	11.33	3.43	0
1908-6	193.89	127.78	16.93	-0.33	0	11.11	2.92	0
1908-8	215.83	126.67	21.17	-0.75	0	12.25	3.53	0
396-2	189.17	100	14.82	-1.25	0	13.5	3.42	0
1908-11	187.78	85.56	22.44	-1	0	13.33	3.55	0
396-1	160	88.75	20.74	-0.75	0	13	3.43	0
413-19	193.75	92.5	11.43	-0.75	0	14.17	3.74	0
1909-1	212.92	136.25	16.09	-0.5	0	11.67	3.8	0
1909-3	193.75	96.67	15.24	-0.75	0	12.33	4.49	0
1909-4	196.67	104.16	16.93	1	0	13	3.44	0
1909-8	209.17	120	22.01	-1.25	0	12.67	2.92	0
1909-10	171.25	107.5	10.58	0	0	10.33	3.21	0
1909-11	195	120.83	14.82	0	0	11.5	3.49	0
1909-15	220.42	136.25	14.82	-0.25	0	11.17	3.32	0
1910-1	201.67	117.22	18.63	0.33	0	13.78	3.55	0
1910-2	175.83	96.67	23.28	-0.5	0	14.83	3.89	0
1910-3	182.08	108.75	11.43	0.25	0	10	3.58	0
396-6	182.92	98.75	19.05	-0.25	0	14.08	3.51	0
1910-11	195	95.42	13.55	0	0	14.5	5.28	0
1910-12	193.75	109.58	11.01	0	0	11.25	3.3	0
1910-14	186.25	104.58	11.01	-0.5	0	10.17	3.26	0
1911-1	178.33	72.5	16.09	-0.75	0	13.92	5.03	0
1911-2	193.33	137.22	11.85	-0.67	0	13	3.81	0
1911-4	199.17	102.5	13.97	-1	0	10.5	3.31	0
1911-5	188.33	98.34	24.55	-0.75	0	9.33	4.33	0
1911-6	193.33	110.83	10.16	0	0	9.08	2.8	32.5
1911-8	192.5	98.34	9.74	-0.5	0	11	3.01	7.15
1911-11	190	116.67	17.36	0.5	0	15.33	3.77	0
1911-13	185	95.55	22.44	-0.67	0	12.89	3.92	0
1911-14	215	115.83	18.63	-0.75	0	11.83	3.33	0
1911-16	241.67	146.67	18.2	-0.5	0	9	3.25	0
1911-19	177.08	90.84	24.98	-1.25	0	13.5	3.69	0
1911-21	211.25	128.75	13.55	-0.5	0	9	3.43	0
1912-3	222.5	126.25	17.36	-0.5	0	13.22	3.51	0
1912-4	187.5	117.5	16.93	0.5	0	7.5	2.63	0
408-16	207.08	107.92	19.47	-1.5	0	14.75	4.17	0
1912-8	162.92	111.25	11.85	-0.25	0	10.67	2.48	0
1912-10	213.33	126.11	17.78	0	0	9.33	3.93	0
1912-12	180.42	85	16.09	-1	0	14.17	4.03	0
408-8	168.34	78.89	16.93	-1	0	10.67	3.67	0
1912-17	195.83	120.42	12.28	-1.25	0	11	3.64	0
408-4	223.33	129.17	17.78	-0.5	0	11.5	3.69	0
1912-19	246.67	154.45	10.58	-0.33	0	11.33	3.07	0
1912-20	187.92	101.25	11.85	-2	0	9.92	2.67	0
1912-23	214.17	134.58	21.17	-0.5	0	11.5	3.39	0
1912-24	170.42	86.25	22.86	-0.5	0	13.25	3.83	0
1913-2	196.25	99.59	21.17	-0.75	0	13.5	5.12	0
1913-5	213.33	126.67	15.66	0	0	8.33	4.32	0
1913-7	203.75	115.42	22.44	-0.75	0	10.58	3.31	0
1913-8	210.55	114.44	16.51	-1	0	14	3.84	0
1913-9	205.84	114.58	12.28	-0.75	0	11.5	2.86	0
1913-12	203.75	115.83	16.51	-0.75	0	10.25	2.98	0
1913-15	208.34	119.58	19.47	-1.25	0	10.33	3.05	0
1913-16	218.75	125	13.97	-1	0	10.25	3.77	0
1913-19	195	118.75	11.01	-0.25	0	9.25	2.4	0
1913-20	200	120.83	25.82	0	0	11.75	3.71	0
1914-3	161.67	83.33	27.52	-1.5	0	10	3.2	0
1914-7	212.5	129.17	14.39	0	0	12.33	3.12	0
1914-8	210.83	114.17	12.28	0	0	11.58	3.52	0
1914-14	214.58	110.83	17.78	0	0	15.75	4.76	0
1914-18	192.5	112.09	16.93	0.25	8.33	8.17	3.24	0
1914-24	204	125.42	15.66	0.5	0	15.5	4.04	0
1915-4	217.92	132.5	12.7	-1.75	0	11.08	4.41	0
1915-5	190.42	99.17	16.93	-0.25	0	10.83	2.95	0
1915-6	174.58	94.58	13.97	-0.25	0	10.5	3.56	0
1915-11	202.5	109.58	22.44	-3	0	12.83	3.51	0
1915-12	224.17	141.67	31.33	-0.75	0	8.75	2.46	0
408-1	193.75	108.33	22.44	-0.75	0	11.21	3.91	0
1915-15	221.67	137.5	17.36	-1	0	12.04	4.59	0
1915-17	212.92	116.25	17.78	0	0	12.33	3.49	0
1915-19	206.11	118.89	12.28	0	0	10.22	3.2	0
1915-20	211.11	122.78	35.14	-0.67	0	12.22	5.05	0
1915-23	170	76.67	16.51	0	0	13.56	5.86	0
1915-24	240.83	131.66	16.93	0	0	12.67	3.66	0
1916-1	225	132.92	20.74	-0.75	18.18	10.92	3.77	0
1916-6	195.42	103.75	15.66	-0.5	0	12.33	3.71	0
1916-7	214.58	113.75	24.98	-0.25	0	13.42	3.93	0
1916-12	201.25	99.58	28.79	0	0	13.42	4.33	0
1916-13	183.33	101.25	11.85	-1.5	0	9.33	2.94	0
1916-15	182.92	102.08	23.28	-1.5	0	12.75	4.87	0
1916-16	198.75	111.25	11.85	-0.75	0	13.33	3.5	0
1916-18	232.92	146.67	10.16	0.25	0	11.92	3.01	0
1916-20	229.17	135.42	15.66	-1.25	0	9.83	3.76	0
1916-21	198.33	91.67	20.74	0	0	13.33	5.5	0
1917-2	229.58	109.58	21.59	-0.5	0	12.75	4.79	0
1917-6	166.67	83.75	21.59	-1.5	0	10.75	3.18	0
1917-7	206.25	104.17	15.66	-0.5	0	11.67	3.89	16.25
1917-11	210	130	16.09	1	NaN	12.5	3.58	NaN
408-13	163.33	89.44	10.16	-1	0	13.33	3.88	0
1917-19	191.67	109.16	17.36	-0.25	0	10.75	4.06	0
1917-21	190	114.58	16.09	-0.25	0	12.92	3.89	0
1918-4	182.5	84.58	18.2	-1	0	12.33	4.82	0
397-13	195.56	101.67	23.71	0	0	9.11	3.54	0
409-1	164.44	77.78	24.55	-1	0	16	3.28	0
409-8	188.34	92.92	15.24	-0.5	0	16.5	3.31	0
409-10	215.83	131.67	14.82	0	0	12.75	3.85	0
1918-19	201.25	115	16.93	-0.25	0	11.5	4.2	0
1918-20	192.92	102.08	12.28	-0.5	0	14.58	2.74	0
1919-3	219.58	131.25	20.74	-1	0	11.5	3.51	0
1919-4	233.75	147.92	13.55	-0.5	0	9.67	3.14	0
1919-5	170.83	86.25	19.05	-2	0	13.17	3.76	0
1919-8	202.78	120	16.09	0	0	12.33	3.28	0
1919-11	197.92	118.75	19.47	-0.5	0	9.58	3.37	0
1919-12	238.33	154.58	17.36	-0.5	0	10	3.37	0
1919-13	193.33	116.67	24.98	-0.75	0	8.25	2.66	0
1919-14	188.33	80.56	22.44	-1.33	0	13.78	3.47	0
1919-19	201.25	119.17	15.24	-1.25	0	12	2.47	0
1919-21	213.34	122.92	13.55	-1	0	11.33	3.88	0
1919-22	205.83	124.17	16.09	-1	0	10	3.55	0
1920-4	216.25	137.5	14.39	0	0	11.42	3.37	0
1920-5	215.42	110.83	15.66	-1	0	12.67	3.93	0
1920-8	206.11	107.78	14.82	-0.33	0	13.89	3.31	0
1920-9	186.25	104.17	16.51	-0.25	0	12.08	3.94	0
1920-10	178.75	85.42	20.32	-0.5	0	13.83	4.42	0
1920-11	184.17	113.33	13.12	-0.5	5.56	10.67	4.33	0
1920-12	220.83	134.17	12.28	0	0	8.5	2.81	0
1920-17	207.92	123.75	18.2	-1	0	10.42	3.63	0
1920-19	203.75	116.67	22.44	-0.75	0	14.25	3.66	0
1921-3	188.33	82.08	16.93	0	0	11.08	4.2	0
1921-4	217.08	125	23.71	-1.25	0	9.5	3.53	0
1921-5	216.25	130.42	12.7	-0.75	0	13.58	5.31	0
1921-6	195.42	114.17	17.78	-0.5	0	9.33	2.83	0
409-5	222.08	137.5	15.24	-1.25	0	13.75	3.61	0
1921-10	190	113.33	19.47	-0.25	0	10.67	4.1	0
1921-13	182.5	88.33	21.59	0.25	0	11.67	4.74	0
1921-14	203.33	103.75	21.59	-0.75	0	14.67	5.77	0
1921-17	195.42	108.75	11.85	-0.5	0	13	3.35	0
1921-18	181.67	102.08	19.47	-1	0	11.67	4.96	0
1921-19	186.67	89.58	18.2	-1.75	0	11.08	3.64	0
1921-20	190.84	115.42	8.89	0.5	0	13.5	3.24	0
409-6	173.33	90.42	14.82	-0.5	0	13	3.86	0
1922-3	180	85.42	11.43	0	29.17	11.33	4.01	0
1922-4	217.92	124.58	24.98	0	0	12.08	4.2	0
1922-6	187.22	111.67	15.66	-0.75	0	13.67	3.92	0
1922-8	204.44	120.56	14.39	-0.33	0	11.22	2.88	0
1922-9	156.67	76.67	17.36	-1	0	14.44	2.89	0
1922-10	238.75	135.42	7.62	0.5	0	8.42	3.69	0
1922-13	165.42	86.67	11.01	-1.25	18.75	9.33	2.64	0
1922-15	227.08	128.33	16.93	-0.5	0	13.83	3.99	0
1922-21	205.42	120.42	13.12	-1.25	0	13.17	3.87	0
409-7	190.83	87.08	19.05	-0.75	0	16.33	4.26	0
1923-6	197.09	111.67	14.82	-0.5	0	11.75	2.73	0
1923-7	220.42	125.83	17.36	-0.75	0	12.83	3.95	0
1923-12	216.67	128.89	16.51	0.67	33.33	10.92	4.18	0
413-13	186.67	80	22.01	-0.75	0	14	3.45	0
1923-18	184.58	88.75	14.82	-0.5	0	9.33	3.24	0
1923-22	180.42	98.75	18.63	-1.25	0	11.83	2.62	0
1924-2	196.67	87.22	24.13	0.33	0	11.89	4.22	0
1924-4	218.89	141.11	11.01	-0.33	0	11.11	3.13	0
409-4	187.08	102.92	17.36	-1	0	14.17	3.72	0
1924-7	194.17	115.42	16.09	0.25	0	11.67	3.55	0
1924-12	208.42	116.67	14.82	-2.5	0	9.25	3.23	0
1924-13	200.83	107.08	19.9	-0.75	0	12.42	3.69	0
1924-15	176.25	99.17	16.09	0.5	0	11.5	3	0
1924-19	219.44	139.44	14.39	-0.33	0	12.22	3.25	0
1924-21	191.11	106.11	15.24	0	0	12	3.75	0
410-9	174.58	100.42	16.09	-0.5	0	10.92	3.77	0
1925-1	214.58	122.08	11.01	-1.5	0	12.44	3.87	0
1925-2	217.08	116.67	14.39	0.25	0	9.75	4	0
1925-3	189.17	93.33	22.01	0	0	12	3.16	0
1925-4	183.33	102.5	17.36	-0.5	0	10.25	3.2	0
1925-6	199.58	110.83	27.52	-0.75	0	11.67	2.7	0
1925-7	200.56	115.55	18.2	0	0	13	2.54	0
410-14	195.42	113.33	24.13	-2.25	0	14.33	3.8	0
1925-11	192.78	110	11.43	-0.33	0	12.44	3.57	0
1925-12	202.5	109.17	16.09	0	0	13.67	3.94	0
1925-17	189.17	111.25	13.97	-0.75	0	10.5	3.42	0
1925-18	203.34	128.89	16.09	1.33	0	13	3.68	0
1925-22	227.08	135.83	18.2	-0.75	0	12.17	3.72	0
1926-1	211.25	120.83	11.85	-1.25	0	13.08	4.29	0
1926-2	202.5	107.5	13.55	-1	0	13.17	3.33	0
1926-5	199.44	105	17.78	0	0	10.44	4.11	0
1926-6	206.25	112.92	10.58	-1.5	0	15.17	3.97	0
1926-8	206.11	130.56	19.9	-0.67	0	10	3.06	0
1926-10	198.33	109.58	19.05	-1.25	0	12.67	3.13	0
1926-12	220.84	125.42	20.74	-1.5	0	13	3.94	0
1926-14	202.5	125.83	14.82	0	0	10.67	4.32	0
1926-15	172.5	91.67	10.16	-1	0	14.33	3.23	0
1926-18	185.42	96.25	16.51	-1.25	0	14.25	3.32	0
1926-19	232.08	136.67	12.7	-0.75	0	9.92	3.25	0
1926-20	205.42	111.67	15.66	-2.25	0	9.33	3.38	0
1927-4	182.92	94.58	15.24	-0.5	0	12.25	3.47	0
1927-6	215	136.67	11.85	-0.33	0	12.44	3.64	0
1927-7	199.45	102.22	22.01	-0.33	0	14.33	4.07	0
1927-16	215	127.92	22.44	-0.25	0	11.33	2.8	0
1927-17	190.83	116.67	17.78	-0.5	14.29	11.75	3.26	0
1927-19	231.67	140	16.09	-1.5	0	12.33	4.25	0
1927-20	195.83	114.58	19.05	-0.75	0	12.67	3.39	0
1927-21	216.67	142.91	12.28	-1.5	0	13.42	3.79	0
1927-22	205.42	106.67	15.66	-1	0	10.67	3.87	0
1927-23	187.5	96.25	16.09	-1	0	12.17	3.32	0
1928-2	174.58	101.25	12.28	-0.25	33.33	12.75	3.57	0
1928-4	214.17	132.5	14.39	-0.5	0	10	3.63	0
1928-5	201.67	117.92	12.28	0	0	12.67	3.27	0
1928-6	161.67	75.83	19.9	0.25	0	12.75	2.84	0
1928-7	179.45	107.22	12.7	-0.33	0	10.44	3.94	0
1928-8	175.42	95	15.24	0.25	0	10	3.1	0
1928-10	185	102.22	11.43	0.33	0	10.89	3.01	0
410-7	205.83	123.89	14.82	0	0	13.78	3.85	0
410-5	232.92	128.75	16.09	-1	0	14.67	4.39	0
1928-17	176.25	108.75	28.79	-1	5	14.17	3.58	0
1928-19	186.67	101.66	11.85	-0.25	0	14	4.26	0
1928-20	207.5	110.42	18.63	-0.75	0	14.08	5.05	0
1928-21	211.67	108.33	27.09	-0.25	0	13.08	4.14	0
1929-9	186.67	86.67	21.59	-1	0	11.67	3.46	0
1929-10	191.11	106.67	18.2	0	0	9.22	3.93	0
1929-11	213.33	129.58	20.74	-0.25	0	12.17	3.57	0
1929-12	199.58	109.58	18.63	-1	0	10.33	2.86	0
1929-13	185.56	93.89	19.05	0	0	10.22	3.08	0
1929-14	195	113.33	16.09	-1.25	0	10.58	3.09	0
1929-15	183.34	106.11	11.85	1	0	7.89	2.08	0
1929-16	225	132.5	10.16	-0.5	0	10.83	2.93	0
1929-18	173.33	94.17	12.28	-0.75	0	10.08	2.83	0
1929-21	228.75	143.75	24.98	0.75	0	9.58	3.67	0
1930-1	172.5	96.25	17.36	-1	0	12.58	3.36	0
1930-2	181.67	97.5	14.39	-1.5	0	15.17	4.61	0
1930-3	197.22	91.67	16.09	-0.33	0	12.44	3.4	0
1930-5	170	73.75	13.55	-0.5	0	9.5	4.07	0
411-16	211.66	119.44	14.82	0.33	0	13.11	3.7	0
1930-9	172.92	91.25	15.66	-0.5	0	10.33	3.03	0
1930-10	213.75	119.17	12.7	1	0	10.89	3.4	0
1930-12	192.08	94.58	15.24	-1	0	15.08	3.93	0
1930-14	214.58	124.58	16.93	-0.25	0	11.25	4.2	0
1930-15	198.89	108.89	16.93	0	0	11	3.67	0
1930-16	194.17	110.83	13.12	-1	0	12.58	4.6	0
1930-20	190.83	113.75	14.39	-0.75	0	8.67	3.82	0
1930-24	173.89	115.55	13.12	0	0	7.78	3.03	0
1931-1	198.89	130	15.41	-0.33	0	8	3.57	0
1931-7	191.25	117.08	12.28	0	0	9	3.09	0
1931-9	193.33	105.42	15.66	-0.75	0	9.67	2.96	0
1931-15	218.75	124.17	19.9	-0.75	0	15.5	5.02	0
372-3	196.25	109.58	14.82	0.25	0	14.5	3.31	0
1931-18	182.78	90.55	16.51	-0.67	0	16.22	4.16	0
1931-19	214.17	108.33	19.47	0.75	0	11.08	5.52	0
1931-20	218.89	115	18.2	-0.33	0	11.33	3.58	0
1931-21	214.58	126.67	19.05	-0.75	0	11.33	3.6	0
1932-2	215.83	104.17	19.05	-0.5	0	12.83	4.23	0
1932-7	186.25	101.25	17.78	-1	0	10.63	3.47	0
1932-11	204.17	107.5	17.78	-0.75	0	11.92	3.66	0
1932-13	191.11	110	16.51	0	0	10.67	3.65	0
1932-14	198.75	112.92	16.93	0	0	12.67	3.38	0
413-5	217.08	115.83	18.63	-0.5	0	11.33	3.96	0
1932-23	209.17	126.67	14.82	0.33	0	9.78	3.75	0
1933-1	202.5	105.42	24.13	-0.25	0	11.33	4.01	0
1933-3	179.17	103.75	10.58	-0.25	0	11.25	4.16	0
1933-4	192.08	102.92	19.47	0	0	14.58	3.95	0
1933-7	204.17	120.42	16.93	0.75	0	12.5	3.52	0
1933-8	202.09	120	15.66	-1.25	0	12.33	3.51	0
1933-9	192.08	122.08	12.28	-0.25	0	10.5	3.43	0
1933-11	198.75	118.33	13.97	-0.67	0	14	3.53	0
1933-12	223.33	126.11	17.36	-1.33	0	13.11	3.64	0
1933-13	215.55	118.33	17.78	0.67	0	11.78	3.8	0
1933-14	219.17	116.67	17.36	-1.5	0	13.83	5.23	0
1933-15	210.42	122.08	20.32	-1.25	0	13.5	3.91	0
1933-16	228.54	126.04	17.78	-1.25	0	15.33	3.81	0
1933-18	207.08	117.92	11.85	-0.5	0	12.33	3.43	0
411-17	188.06	98.61	25.4	-1.33	0	12.11	3.65	0
1934-1	182.92	94.58	12.28	-1	0	11.67	3.52	0
1934-4	185.83	88.75	13.55	-0.25	0	11.67	3.75	0
1934-5	187.92	97.09	16.93	-1.5	0	11.83	3.7	0
1934-6	209.44	121.11	16.09	-0.67	0	12	4.44	0
1934-7	226.67	123.33	24.55	-0.33	0	11.67	3.88	0
1934-9	213.75	128.33	15.66	-0.5	0	11.5	3.64	0
1934-13	190.83	107.92	16.09	-0.75	0	13	3.98	0
1934-14	217.92	124.58	19.47	-1	0	9.92	3.37	0
1934-16	199.58	106.66	20.32	-0.5	0	12.67	3.75	0
1934-17	200.83	108.33	24.13	-1	0	8.33	3.72	0
1934-19	222.22	131.67	17.36	-0.5	0	10.17	4.13	0
1934-20	221.11	129.45	27.94	-2	0	10.22	4.15	0
1935-3	197.5	92.92	21.59	-0.25	0	12.67	4.88	0
1935-5	197.5	98.75	14.82	0	0	10.67	3.85	0
1935-6	231.67	143.34	14.39	-1	0	12	3.96	0
1935-8	188.75	83.75	10.16	-0.25	0	12	4.6	0
1935-9	194.17	107.5	14.82	-1.75	0	12.67	3.85	0
1935-13	202.5	102.08	17.36	-1.25	0	12.75	3.67	0
1935-14	208.75	117.5	13.12	-2.25	0	12.58	5.19	0
1935-15	192.5	110	14.82	1	NaN	12.33	2.86	NaN
1935-17	210.42	135.83	18.63	-0.33	0	10.92	3.99	0
1936-1	217.5	134.58	14.82	-1	0	11.25	3.7	0
1936-4	174.16	93.75	16.51	-0.75	0	12.67	3.44	0
1936-7	212.22	114.44	13.12	-0.67	0	11.78	3.42	0
411-19	159.17	84.58	16.09	-2.25	0	10.33	3.38	0
1936-10	223.75	128.33	16.09	-0.5	0	11	3.92	0
1936-14	189.58	97.5	16.09	-1.25	0	12.58	5.74	0
411-22	211.25	97.08	19.9	-0.25	0	11.33	3.47	0
1936-18	210.42	131.67	21.59	-0.25	0	11.67	3.16	0
1937-2	212.22	137.78	8.47	-1.33	0	13.11	3.58	0
1937-3	187.08	86.25	24.98	-0.75	0	13.17	4.29	0
1937-4	195	114.58	10.58	-0.25	36.11	11.33	4.96	0
1937-5	215	138.33	29.21	-0.75	29.29	11.08	4.52	0
1937-6	183.89	105	16.51	0.33	0	13.67	3.21	0
1937-8	197.78	117.22	19.47	0	0	9.11	3.93	0
411-1	195.83	103.75	18.2	-1.25	0	11.25	3.8	0
411-5	182.08	102.5	14.39	-0.5	36.67	13	3.81	0
1937-15	178.75	99.17	16.51	-1.25	0	14.08	3.41	0
1937-16	181.67	108.89	16.93	0.33	0	11.44	3.46	0
411-7	207.92	117.08	19.05	0.5	0	11.92	4.31	0
1937-18	171.25	76.25	15.24	-1	35.42	11.83	3.72	0
411-3	167.92	80.83	16.51	-0.5	0	12.83	4.14	0
412-1	192.22	97.22	20.74	0	0	12	3.88	0
1938-3	215	136.25	12.28	-0.75	0	11.83	3.49	0
1938-7	180.42	109.58	13.97	-0.75	0	10.17	2.74	35
1938-9	235.42	147.92	14.82	-0.5	0	11.33	3.65	0
1938-11	222.78	125.55	22.01	-0.67	0	11.67	3.39	0
1938-12	207.08	122.5	9.74	-0.75	0	11.83	3.81	0
1938-13	198.75	112.92	16.09	-1.75	0	12.17	3.81	0
1938-14	228.33	124.17	13.12	-0.75	0	11.83	4.93	0
413-17	197.08	105.83	22.01	-0.25	0	13.33	3.06	0
1938-18	181.67	100.42	19.9	-0.25	30.52	12.17	3.06	0
1939-1	213.75	120	17.78	-0.5	0	11.67	2.84	0
1939-3	189.17	112.08	11.85	-1.25	0	11.58	3.1	0
413-18	179.44	95.56	11.43	-0.33	0	13	3.92	0
1939-5	201.25	116.25	14.82	-1	0	13.25	3.29	0
1939-6	178.75	97.09	16.09	-1.25	0	10.33	3.64	0
1939-10	212.5	127.5	21.17	-0.25	0	13.58	3.47	0
1939-14	196.11	104.44	16.51	-0.33	0	14.22	3.95	0
397-1	199.58	102.08	10.58	-0.25	0	14.5	3.66	0
1939-21	213.33	124.58	27.94	-3.5	0	10.83	3.49	0
1940-1	218.75	121.67	16.93	-1.5	0	14.17	4.03	0
1940-3	220.83	126.67	15.66	0.5	0	13.92	3.89	0
1940-4	217.08	132.5	18.63	-1.25	0	12.17	4.71	0
397-17	186.11	102.78	13.97	-0.67	0	14.67	3.92	0
1940-7	220.83	137.92	19.05	0.25	0	10.58	3.87	0
1940-8	215.56	117.22	16.51	-1	0	13.56	4.19	0
1940-13	170.83	91.25	10.58	-0.25	0	12.83	3.62	0
1940-18	170	92.08	10.16	-1.25	0	11.42	4.54	0
1940-19	222.92	131.67	14.39	-0.75	0	12.17	3.13	0
1940-20	186.11	116.11	13.12	-1.33	0	12	4.75	0
1940-24	191.67	93.33	15.66	-1.75	0	11.08	4.36	0
1941-2	180.83	87.92	24.98	-0.5	0	12.92	5.58	0
1941-5	183.33	85.56	15.66	-0.75	0	8.83	4.33	0
1941-12	181.66	88.33	16.93	-0.5	0	10.17	3.27	33.34
1941-13	213.33	121.67	26.67	0.33	0	13	3.22	0
1941-18	189.17	107.08	13.55	-0.5	0	10.22	3.26	0
1942-1	233.75	145.42	28.36	-0.25	0	11.33	4.17	0
1942-20	182.91	93	27.09	-2.5	0	10.5	3.72	0
1942-24	187.78	118.34	14.82	-0.33	0	11.56	2.99	0
1943-2	191.25	84.58	13.12	0.75	0	15.17	4.28	0
1943-9	189.17	82.92	24.98	-0.25	0	17.17	4.19	0
1943-20	210.84	132.08	8.89	-0.5	0	11.33	3.03	0
1943-21	181.25	94.17	13.97	-0.75	0	9.5	3.99	0
1943-22	212.92	107.5	12.7	0	0	13.58	4.77	0
1944-12	231.11	135	19.47	-0.67	0	10.67	3.15	0
1944-15	205.83	122.08	15.24	-0.75	0	11.83	3.32	0
1944-18	226.95	131.67	24.55	0	0	12.67	3.18	0
1944-19	197.92	96.25	14.39	-0.5	0	13.5	4.65	0
1944-20	219.58	139.17	16.51	-1	0	8.5	2.91	0
1944-23	211.25	128.75	15.66	-0.25	0	11.5	3.78	0
1945-1	194.45	116.67	14.39	0	0	14.67	3.58	0
1945-2	215.42	138.33	14.39	0.25	0	11.5	2.75	0
1945-9	217.92	94.17	24.13	0	0	11.5	5.1	0
1945-12	175	80.83	16.09	-0.25	0	11.42	3.92	0
1945-18	206.25	120.42	15.24	-0.25	21.43	12.75	3.53	7.15
370-1	180.83	98.33	17.36	-0.5	0	9.67	3.18	0
370-2	200.83	120.42	14.82	-1.75	0	11	3.93	0
370-4	177.08	85.42	16.09	-0.25	0	11.33	2.92	0
370-5	213.33	117.5	14.82	-0.5	0	12.5	3.91	0
370-6	182.5	92.5	16.51	-1	0	10.5	3.7	0
370-7	175.83	89.58	27.09	0	0	10.67	4.12	0
370-8	202.5	127.5	27.52	2	0	9.33	3.22	0
370-9	199.17	96.67	16.93	0.5	0	13.5	3.9	0
370-12	182.5	115.42	21.17	-0.5	0	7.75	3.26	0
370-13	190.42	115.83	17.78	-0.25	0	9.75	3.56	0
370-14	197.08	119.17	16.93	-0.5	0	11.58	3.61	0
397-12	207.22	118.89	14.82	0.33	0	13.33	3.4	0
370-16	221.25	115	35.56	-0.75	0	12.17	3.59	0
370-17	175.42	97.08	16.09	-0.5	0	10.67	3.57	0
370-18	179.17	84.17	17.78	-0.5	0	11.08	3.05	0
370-19	202.22	117.78	12.28	0	0	10.22	4.1	0
370-20	183.33	107.08	22.01	-0.25	0	11.5	3.8	0
370-21	179.17	88.33	41.91	-1	0	11.25	3.51	0
397-15	165.83	93.75	11.85	-0.25	0	11.83	3.17	0
370-23	193.33	109.58	14.82	-0.5	0	10.67	3.71	0
370-24	202.5	111.25	12.7	-1.25	0	11	3.23	0
370-25	173.75	96.67	13.97	-1.75	0	14.42	2.94	0
370-26	186.25	105.42	19.47	-0.5	0	12.83	4.15	0
370-27	202.92	122.92	14.39	-1	0	13	3.33	0
370-28	235.56	158.33	19.47	0	0	11.22	2.38	0
370-29	221.67	124.58	13.55	0	0	12.33	4.67	0
370-30	208.75	127.92	14.82	-0.5	0	11.08	3.82	0
370-31	178.75	76.25	15.66	-1.25	0	11.17	3.52	0
371-1	169.44	91.11	27.52	-0.67	0	11.17	4.03	20
371-2	171.87	102.08	15.66	-0.33	0	10.33	3.91	0
413-16	197.5	112.08	13.55	-0.75	0	12.83	3.54	0
371-4	180.83	98.75	19.47	-0.75	0	18.5	3.34	0
371-5	165	82.22	24.13	-0.67	0	12	3.59	0
371-6	183.33	101.67	15.66	-0.25	0	12.83	3.26	0
371-7	218.75	117.08	14.39	-1.75	0	11.25	4.25	0
395-11	181.25	97.92	18.2	0.5	0	12.5	3.47	0
371-9	194.45	120.55	16.51	-1	0	9.33	3.26	0
371-10	176.67	87.08	21.17	-1.75	0	12.75	3.04	0
371-11	205.83	118.33	13.97	-0.75	0	11.75	4.05	0
371-12	196.25	103.75	19.9	-1.5	0	11.5	3.98	0
398-1	198.75	110	15.66	-0.5	0	14	4.32	0
371-14	205	123.33	13.12	-0.25	0	12.08	3.68	0
371-15	190	109.58	22.86	-0.5	0	13.08	3.39	0
371-16	179.17	107.5	14.82	-0.5	0	13	3.29	0
371-17	210	119.16	16.93	-0.75	0	11.83	2.98	0
371-18	190.83	106.25	16.51	-0.25	54.17	9	3.76	0
371-19	215.42	107.08	13.97	-1.5	0	11.42	4.26	0
371-20	192.92	116.25	11.43	-1	0	12.17	3.36	0
371-21	215	126.67	20.32	1	0	14.11	3.56	0
371-23	202.22	128.33	19.47	-0.67	0	10.89	2.64	0
371-24	192.08	86.25	19.47	-0.75	0	15.33	3.22	0
371-25	203.33	118.33	11.43	0.67	0	13.33	4	0
371-26	185.83	102.5	18.2	-1	0	16.33	3.57	0
371-27	177.5	101.67	24.55	-1.25	0	13.33	3.19	0
371-28	157.08	72.92	22.86	-1.25	0	12.67	3.78	0
399-15	187.5	94.58	19.9	-1	0	14.5	3.85	0
371-30	186.67	105	20.74	0	0	9.67	3.31	0
371-31	192.5	106.25	12.7	-0.25	0	10.33	2.8	0
371-32	219.17	120.83	20.74	-1.75	12.5	12.17	3.65	0
371-34	179.17	106.25	13.97	0	0	10.67	3.34	0
371-35	204.17	99.58	13.55	-0.5	0	13.04	3.33	0
399-25	194.58	100	19.47	-1	0	11	3.76	0
371-37	172.5	84.17	21.59	-0.75	0	12.17	3.69	0
371-38	189.58	95.42	12.7	-0.25	0	14.83	3.27	0
371-39	191.25	117.92	13.97	-0.5	0	11.5	3.74	0
372-1	175	87.78	11.43	0	0	14.67	3.22	0
372-2	178.33	97.92	12.28	-0.5	0	13.56	4.14	0
397-2	181.11	89.45	24.13	0	0	14.33	3.79	0
372-4	203.75	90.5	14.39	0	0	14.67	3.87	0
372-5	198.75	109.17	20.74	-0.25	0	10.58	3.67	0
372-6	184.58	104.17	36.41	0	0	11.83	3.47	0
372-7	200.83	107.08	13.55	0	0	11.17	3.99	0
399-7	189.17	120.42	16.51	-1.5	0	12.42	3.83	0
372-9	203.89	114.44	14.39	-0.67	0	10.44	4.01	0
399-10	180	101.67	26.67	-1.5	0	11.67	3.7	0
372-11	172.22	95.56	11.01	0	0	13.33	2.95	0
372-12	229.44	132.78	14.82	1.33	0	14.67	3.4	0
399-26	173.33	90	13.55	-0.75	0	13	3.32	0
372-14	147.92	84.17	12.7	-0.75	0	10.92	3.87	0
372-15	202.92	104.17	31.75	2.25	0	12.17	3.31	0
399-11	187.08	98.33	17.78	-0.5	0	12.08	3.23	0
399-19	212.5	124.58	16.93	-1.5	0	15.67	3.97	0
399-14	176.67	90.42	16.93	-0.25	0	12.67	2.95	0
372-19	166.67	84.58	13.97	-0.75	0	13.83	3.19	0
372-20	199.44	107.78	16.93	1.33	0	9.44	4.01	0
372-21	150.42	68.75	14.82	-0.5	0	13.67	3.03	0
372-22	205	123.33	13.97	0	0	12.89	3.19	0
372-23	165	85.83	14.39	-1	0	11.17	3.56	0
372-24	195.42	96.67	25.4	-1.5	0	10.25	4.28	0
372-25	194.45	88.89	16.93	-0.67	0	14.89	3.37	0
372-26	179.58	95.08	11.43	0	0	14.17	2.95	0
372-27	185.83	86.25	15.24	-1.25	0	12.75	3.13	0
373-3	185.42	111.67	16.93	-0.25	0	11.33	2.85	0
373-4	167.78	102.22	14.39	0	0	9.56	2.94	0
399-20	172.78	77.78	19.47	-1	0	17.78	3.33	0
373-6	197.92	122.5	18.2	-1.25	27.27	12.42	3.09	0
373-7	187.92	99.17	13.12	0.25	0	15.42	4.97	0
373-8	191.25	119.17	12.28	0.25	0	11.56	3.11	0
373-9	195	106.67	19.05	-0.75	0	13.67	3.5	0
373-10	177.08	96.67	17.78	-1	0	11	2.86	0
373-11	195.83	102.5	12.7	-0.25	0	8.67	3.77	0
373-12	199.58	120	17.36	-1	0	12.67	3.62	0
373-13	184.17	95.42	22.01	-1.5	0	11.33	4.33	0
373-14	161.25	90.83	13.97	-1	0	9.33	3.23	0
373-15	197.92	100.42	16.09	-1.5	0	13.17	4	0
373-16	168.33	86.67	21.17	-0.33	0	10.33	3.44	0
373-17	143.75	67.5	11.85	-1.5	0	13.78	3.68	0
399-23	181.66	86.25	20.32	-1.5	0	10.5	4.48	0
373-19	214.17	119.58	17.78	-1.5	0	11.5	3.74	0
373-20	207.08	112.92	13.97	-0.75	0	14.33	3.26	29.09
373-21	222.08	117.91	23.28	-0.75	0	13	3.06	0
373-22	156.25	78.33	16.51	-1.25	0	10.83	3.36	0
373-23	153.75	80	24.55	-0.75	0	12.42	3.89	0
399-24	189.17	77.5	13.97	-0.75	0	14.33	3.78	0
374-1	212.5	115	13.12	-1.25	0	12.5	3.7	0
374-2	192.92	107.5	15.66	-1	0	14	4.49	0
374-3	205.42	115.41	19.05	-1	0	9.42	4.83	0
374-4	201.67	125	14.39	-0.75	0	12.92	3.97	0
374-5	190.83	96.67	22.86	-1.5	0	13	4.65	0
374-6	212.5	115	23.28	-1	0	14	4.72	0
374-7	191.67	120.55	11.43	-1.67	0	12.33	3.79	0
399-21	217.08	117.5	17.36	-1	0	11.92	4.63	0
374-9	170	77.92	13.12	0.25	0	11.58	4.09	0
374-10	210.84	128.33	16.51	0.5	0	12.33	4.95	0
374-11	229.17	138.33	19.47	-1.75	0	11.25	3.31	0
374-12	229.58	136.67	15.24	-1.5	0	12.67	3.7	0
374-13	177.5	82.92	20.74	-0.5	0	14.33	4.09	0
374-14	224.58	127.92	23.28	-2	0	12.5	3.91	0
374-15	224.17	156.67	11.01	-1.5	0	11.67	3.14	0
374-16	173.33	87.08	15.66	-1.75	0	13.83	4.1	0
374-17	202.08	124.17	9.74	-0.75	0	13.5	3.3	0
374-18	207.08	135.42	16.09	-1.25	0	13.42	3.69	0
374-19	207.22	134.44	16.93	-0.33	0	12.44	3.04	0
374-20	204.58	124.16	16.09	0.25	0	13.33	4.04	0
374-21	189.17	98.75	14.82	-1	0	14.92	3.85	0
374-22	206.25	118.33	25.82	-0.5	0	10.33	3.43	0
374-23	192.92	122.08	15.66	-1.25	0	12.42	2.74	0
399-29	200.42	109.58	12.28	-1.5	0	14.83	3.71	0
374-25	204.58	112.5	16.51	-1	0	11.5	2.93	0
374-26	186.25	88.33	11.01	0.25	0	18.83	3.33	0
374-27	196.67	130.55	19.47	0.67	0	11.22	3.25	0
374-28	153.75	70.42	16.09	-1.25	0	14	2.99	0
374-29	203.75	112.5	15.24	-0.5	0	14.33	3.86	0
375-1	162.92	79.17	13.55	-0.5	0	15.21	3.46	0
375-2	222.08	137.92	19.05	-0.75	0	11.33	3.78	0
375-3	221.25	110.83	19.05	-0.75	0	12.83	4.49	5
375-4	204.17	130	19.3	0.5	0	12.67	3.65	0
375-5	171.67	95	15.66	1	0	10.67	4.05	0
375-6	174.58	85.83	11.43	-0.75	0	14.33	2.93	0
375-7	170	92.08	19.05	-1.75	35	15	3.53	0
375-8	191.11	93.89	20.74	-3	0	12.67	3.05	0
375-9	178.12	85.62	16.09	-1	0	11.83	3.57	0
375-10	215	116.67	11.43	-0.75	0	12.17	3.66	0
375-11	194.17	106.67	13.12	-0.5	0	10.17	3.68	0
375-12	175	88.33	18.2	-1.25	0	11.83	3.55	0
375-13	204.17	107.08	12.7	-0.75	0	12.5	4.13	0
375-14	202.22	112.78	25.82	-2	0	9.22	3.37	0
375-15	220	137.08	20.74	-1.25	0	13.33	3.68	0
375-16	179.58	92.08	16.93	-0.25	0	12.75	4.2	0
375-17	196.25	112.08	13.55	-0.5	0	12.17	4.13	0
375-18	195.83	104.58	12.28	-0.75	0	14	3.59	0
375-19	225.55	111.67	13.97	0	0	13.56	4.83	0
375-20	215.42	126.25	32.17	-1.5	0	12.17	3.8	0
375-21	201.25	107.5	22.01	-1	0	13.08	3.97	0
375-22	192.5	107.5	28.36	-0.25	0	14.17	3.2	0
375-23	157.08	84.58	16.09	-0.75	0	12	3.07	0
375-24	190	110	22.86	-0.67	0	14.22	3.4	0
375-25	207.22	134.44	18.63	-1.33	0	14.44	3.43	0
375-26	192.92	110.83	19.9	0.75	0	13.17	4.71	0
375-27	190.56	119.45	10.58	0.33	0	13.56	3.15	0
375-28	163.75	85	19.05	-0.25	0	14.75	3.02	0
375-29	214.17	111.67	14.39	-0.75	0	12.33	3.99	0
375-30	185.42	120.42	13.97	0.25	0	10.04	3.4	0
376-1	191.25	102.08	18.63	-0.5	0	10.75	3.64	0
376-2	207.92	135	13.12	0.75	0	10.08	3.15	0
399-18	188.33	93.75	15.24	-0.25	0	13	3.08	0
376-4	213.89	120	29.63	-0.67	0	12.22	3.62	0
376-5	163.89	86.67	14.82	0.33	0	11.33	3.63	0
376-6	223.33	137.08	14.39	-0.25	0	10	3.26	0
376-7	190	101.25	17.78	-1	0	12.33	3.53	0
376-8	191.25	107.92	22.01	-0.5	0	15.33	3.31	0
376-9	186.67	117.78	17.78	0.33	0	12.67	4.06	0
376-10	180	90.55	24.13	0	0	13.78	3.36	0
376-11	191.67	82.5	19.47	-1	0	15.17	3.82	0
376-12	185.42	100.42	16.93	-0.25	0	12.17	3.82	0
376-13	205	134.17	11.01	-0.75	0	10.5	3.09	0
376-14	190.42	106.25	16.09	0	0	11.5	3.35	0
376-16	192.78	112.78	18.2	-1	0	9.56	3.66	0
376-17	161.11	87.78	19.9	-0.33	0	14.89	3.5	0
399-27	216.25	122.5	18.2	-0.25	0	12	3.72	0
376-19	185.83	101.67	15.24	-1.25	0	11.33	4.85	0
376-20	172.22	97.22	14.39	0	0	8.89	3.38	0
376-21	184.58	106.25	19.47	-0.5	0	13.17	2.97	0
376-22	203.33	113.75	21.59	-1.25	0	12.58	3.83	0
400-20	196.25	115	13.55	-0.75	0	10.5	3.28	0
376-24	172.08	87.92	22.86	0.25	0	13.08	4.54	0
400-18	182.92	95.42	16.09	-2	0	11.08	2.96	0
376-27	194.44	96.11	15.66	0	0	15.56	3.46	0
400-11	184.58	102.08	13.97	-0.75	0	14.33	3.55	0
376-29	199.17	116.25	11.43	0.5	0	12.17	3.3	0
376-30	177.92	95.84	22.86	-1.25	0	12.83	3.56	0
376-31	166.11	88.33	16.09	0	0	14.56	3.99	0
376-32	205.42	109.16	20.32	-0.75	0	11.5	3.91	0
400-1	178.33	103.33	13.97	-0.75	0	11.42	3.17	0
400-12	199.58	104.58	19.05	-0.5	0	12.58	3.89	0
400-17	206.25	111.25	19.9	-0.5	0	11.33	4.03	0
400-5	194.17	84.17	27.09	-0.75	0	12.42	3.96	0
377-2	223.75	132.5	18.63	-0.75	0	11.33	3.57	0
377-3	196.11	121.11	19.9	0	0	13	3.77	0
377-4	182.5	93.33	22.44	-0.75	0	13	3.72	0
377-5	195.83	120	17.36	0	0	15.5	3.29	0
400-6	177.08	93.33	12.28	0	0	11.33	4.04	0
377-7	174.44	82.78	14.82	-0.33	0	10.33	3.99	0
377-8	172.5	100	15.24	-0.25	0	10.56	3.05	0
377-9	198.75	102.5	20.74	-0.5	0	12.67	4.24	0
377-10	207.08	117.5	19.9	0	0	13.5	3.8	0
377-11	160.42	87.5	11.43	-2	0	9.08	3.14	0
400-13	182.5	93.33	12.7	-1.25	0	14.17	3.29	0
377-13	211.67	121.25	20.74	-1	0	10.33	3.59	0
377-15	205	100.42	13.97	-0.5	0	11.67	3.07	0
377-17	172.92	84.58	13.97	-0.75	0	12	3.2	0
400-21	178.75	96.25	18.63	-0.5	0	15.67	3.59	0
377-19	171.67	79.59	28.79	-1	0	11.83	3.73	0
377-20	174.45	87.22	13.55	-0.33	0	10.33	3.03	0
413-12	194.58	111.67	13.97	-1	0	9.42	4.17	0
377-22	185.83	103.75	18.2	-1.75	0	13	3.52	0
377-23	180	93.33	10.16	0	0	16.42	3.52	0
377-24	189.44	100	12.7	0	0	12.67	3.95	0
377-25	199.44	93.89	14.82	0	0	13.89	3.89	0
377-26	177.92	95.42	14.82	-2.25	0	15	3.41	0
377-27	175	97.5	12.7	-0.75	0	12.67	2.94	11.11
378-1	181.67	102.08	20.32	-1	0	14.42	3.08	0
378-2	200.42	98.75	30.48	-0.5	0	9.75	3.89	0
378-3	192.08	94.17	19.05	-1.25	0	13.67	3.9	0
378-4	191.25	97.5	13.97	-1	0	14.83	4.02	0
378-6	211.25	101.67	26.67	-1	0	11	3.58	0
400-7	168.33	82.5	15.66	-0.5	0	12.92	3.85	0
378-8	164.17	81.67	17.36	-0.5	0	12.83	3.17	0
378-9	215.83	131.25	8.89	-0.75	0	12.5	3.15	0
378-10	201.67	122.08	16.51	-0.5	0	15.42	3.9	0
378-11	176.25	90.42	22.86	0	0	13	3.32	0
378-13	210.42	124.17	16.51	-0.25	0	12.83	3.38	0
378-14	184.58	106.25	18.63	1.75	0	11	3.98	0
378-15	188.75	114.17	13.97	-0.25	0	15.17	2.97	0
378-16	184.17	86.25	24.13	-0.5	0	14	4.1	0
378-17	199.17	106.67	21.59	-0.5	0	11.83	4.01	0
400-23	191.25	116.66	22.01	-0.5	0	13.33	4.03	0
378-19	187.5	92.09	18.2	-0.75	0	15.17	4	0
403-4	197.78	99.44	13.97	-0.67	0	14.67	5.12	0
378-21	205.83	106.25	18.2	-0.75	0	12.17	3.47	0
378-22	158.33	75	12.7	-0.75	0	13.5	3.77	0
378-23	182.92	117.5	9.74	-1	0	8.83	2.84	0
378-24	172.78	83.89	24.13	0.33	0	9.78	3.8	0
378-25	210	96.25	26.25	-0.25	0	9	4.37	0
378-26	210	105.56	19.9	-0.33	0	11.33	3.49	0
378-27	205.83	124.58	9.74	-2.25	0	14.17	3.88	0
378-28	180.42	83.33	22.44	-1.25	0	12.75	4.23	0
378-29	176.25	83.75	19.05	-0.75	0	12.08	3.92	0
378-30	173.54	98.54	12.28	-1	0	8.83	3.34	0
378-31	167.92	93.33	13.55	-0.25	0	11.33	2.75	0
378-32	178.33	86.25	21.17	-1	0	11.33	3.71	0
378-33	202.08	110.83	22.01	-1	0	10.83	2.82	0
378-34	205.42	112.08	16.93	-0.5	0	11.17	4.22	0
378-35	191.67	111.67	24.13	-1.5	0	12.33	3.66	0
401-15	202.09	117.5	20.32	-0.25	0	10.83	4.35	0
379-2	217.92	114.58	13.55	-0.75	0	16.17	3.55	0
379-3	193.33	103.75	11.01	-0.75	0	15.17	3.95	0
379-4	187.92	107.92	16.93	1.25	0	10	3.35	0
379-5	189.59	88.33	24.55	0	0	10.92	3.51	0
379-6	198.33	105.83	15.66	-1.5	0	13	3.82	0
379-7	182.92	90.42	18.63	-0.5	0	14.17	4.26	0
379-8	194.58	118.75	12.28	-1	0	11.58	3.14	0
379-9	193.33	112.5	19.9	-1	0	12.25	3.51	0
379-10	210	125	19.9	-1.25	25	13.17	3.36	0
379-11	180.62	100.62	15.66	-0.75	0	10.17	2.97	0
379-12	177.08	113.33	11.85	-1	0	13.92	2.66	0
379-13	167.5	96.25	17.78	-1	0	10.75	3.27	0
379-14	166.25	83.75	15.24	-0.25	0	13	3.26	0
379-15	177.92	94.17	19.47	-0.5	0	11.83	3.3	0
379-16	167.5	85	13.55	-1.5	0	11	3.44	0
379-17	187.92	97.5	16.93	-0.25	0	14.17	4.58	0
379-18	191.67	104.17	15.66	-0.25	0	10.17	3.85	0
379-19	209.17	125	19.05	-2	0	12.42	3.68	0
379-20	207.92	118.33	14.39	0	0	11.08	3.02	0
401-30	173.75	94.58	21.59	-0.75	0	15.17	2.96	0
379-22	204.17	112.91	17.78	-1.75	0	13.33	3.73	0
379-23	202.08	125	20.74	-0.25	0	10.5	3.4	0
380-1	181.67	106.67	11.01	0	0	12	3.61	0
380-2	152.08	60	22.44	-1.25	0	12.5	3.9	0
380-3	171.67	90.83	15.24	-1.5	0	12.83	3.46	0
380-4	217.71	118.54	24.13	0	0	14	3.13	0
401-19	161.25	77.08	18.2	0	0	13.08	3.45	0
380-6	187.5	112.08	21.59	-1	0	12.5	3.83	0
380-7	182.92	90	15.66	-0.5	0	14.67	3.91	0
401-6	160.62	81.88	13.97	-0.75	30	11.17	3.23	0
401-8	181.25	89.17	26.67	-0.75	0	14.33	3.65	0
401-2	158.75	72.08	21.59	-0.75	0	9.67	3.81	0
380-11	196.67	117.5	14.82	0	0	12.92	2.99	0
395-4	197.09	104.17	25.4	-0.5	0	13.83	3.38	0
380-13	201.67	95	14.82	-1.75	0	16.17	3.85	0
380-14	166.25	74.17	27.09	-1	0	13.17	5.04	0
380-15	222.5	135.83	13.55	-0.25	0	9	3.35	0
380-16	193.89	100	13.97	0	0	11.22	3.34	0
380-17	176.67	92.5	14.39	-1.25	0	11.33	3.54	0
380-18	186.25	105.83	11.85	-1.5	0	12	3.52	0
381-1	190	104.58	15.45	-1.25	0	14	3.87	0
401-21	165	81.67	32.6	-0.5	0	13.92	3.6	0
381-3	167.5	82.09	15.66	-0.75	0	11	4.03	0
381-4	204.17	107.91	15.66	-1	0	11.25	3.7	0
381-5	182.92	91.67	25.4	-1.5	0	12.5	3.47	0
381-6	187.92	95.42	18.2	-1	0	10.5	3.6	0
381-7	173.75	88.33	21.17	-0.75	0	12.5	3.38	0
381-8	193.33	105.42	16.51	-1.25	0	14.17	3.67	0
381-9	190.55	101.11	21.17	0.67	0	12	3.9	0
381-10	188.89	117.78	21.17	-0.33	0	9.83	2.7	0
381-11	180	88.89	15.24	-0.33	0	12	3.01	0
381-12	185	94.59	13.97	0	0	13.83	3.48	0
381-14	188.75	112.5	12.28	-0.5	0	10.25	4.02	0
381-15	211.25	124.58	19.9	-0.5	0	9.5	3.71	0
401-20	223.33	121.66	27.09	-0.33	0	8.78	4.56	0
381-17	191.25	106.25	18.84	-0.5	0	12.5	4.17	0
381-19	200.83	109.17	13.12	-0.5	0	10.67	3.26	0
381-20	203.33	118.75	12.7	-1.5	0	11.33	3.36	0
381-21	186.04	104.17	16.93	-0.5	0	8.67	3.26	0
381-22	165.42	97.5	11.01	-0.75	0	14.17	3.36	0
381-23	187.08	120.42	11.85	0	0	10.5	2.27	0
381-24	200.83	105.42	17.36	-1	0	9.67	3.24	0
381-25	203.75	124.17	19.05	-0.25	0	12	3.3	0
381-26	196.11	100	18.63	-0.33	0	14.44	3.75	0
381-27	198.75	117.08	8.89	-0.75	11.54	13	3.11	0
381-28	166.11	87.78	12.7	-0.33	0	11.22	4.25	0
381-29	215.56	117.22	24.13	0	0	13.56	3.76	0
381-30	170.42	91.67	16.51	-0.75	0	11.67	2.99	0
395-23	181.67	108.75	15.66	1	0	9.5	3.01	0
382-2	182.5	111.67	20.32	-1	0	13	3.11	0
382-3	204.17	117.92	14.82	0	0	10.83	4.69	0
382-6	203.33	131.67	16.09	-0.33	0	13.33	3.71	0
401-34	175.42	95.42	16.51	-0.25	0	12.83	3.06	0
382-9	161.67	85.83	13.55	0.75	0	12.17	4.08	0
382-10	212.08	111.25	16.93	-0.25	0	11.67	2.97	0
382-11	201.25	121.25	21.59	0	0	11.17	3.19	0
382-12	138.33	71.25	16.51	-0.75	0	12.89	2.36	0
382-13	215.83	122.5	16.51	-0.25	0	14.5	3.88	0
382-14	205.56	107.22	18.2	0	0	10.89	3.95	0
382-15	175.42	97.5	13.55	0	0	12.17	3.63	0
382-16	181.25	95.83	16.09	-0.75	0	13.33	3.38	0
382-17	220	137.5	22.01	0.25	0	13.5	3.56	0
382-18	199.17	119.58	13.12	0	0	11.83	4.59	0
382-19	217.22	125	20.32	-0.67	0	14.78	3.61	0
382-20	170	100.42	12.7	-0.5	0	9.67	3.64	0
401-24	201.11	112.78	11.43	0	0	14.22	3.53	0
382-22	164.58	64.17	11.43	-1.25	0	12	2.87	0
382-23	196.87	100.42	19.05	-1.25	0	11.56	3.43	0
382-24	196.11	109.45	19.9	0.5	0	11.17	2.79	0
401-26	179.17	82.5	13.55	-1.25	0	12.44	4.26	0
395-24	223.33	127.92	23.71	-1	0	10	3.79	0
401-12	172.5	92.08	23.28	-1.25	0	12	4.03	0
401-29	194.58	107.08	17.78	0	0	14.58	3.79	0
401-31	209.17	105.42	19.47	0.75	0	13.67	3.86	0
401-9	191.11	121.11	22.01	-0.33	0	14.67	4.33	0
402-2	197.78	121.67	14.39	0.33	0	10.89	3.87	0
402-3	187.08	105.83	17.78	-2.25	0	12.33	3.43	0
402-1	182.92	102.08	17.36	-0.5	0	12	3.76	0
383-1	169.17	85.83	11.01	0.25	0	13.83	3.18	0
383-2	193.75	105.42	16.09	-0.75	0	11.33	5.05	0
383-4	189.58	106.46	13.97	-0.25	30.56	12.17	2.95	0
400-10	169.17	85.83	23.28	0	0	12.17	3.35	0
383-6	202.5	124.17	15.24	-0.5	0	11.33	3.91	0
403-16	219.17	138.75	19.9	-1	0	13.67	3.38	0
383-9	185.83	108.75	14.82	-1	0	11.33	3.51	0
403-8	160.83	74.17	20.74	0	25	12.5	3.48	0
383-11	171.67	91.25	11.43	-0.5	0	12.33	3.18	0
383-12	218.75	122.92	20.32	-0.75	0	11.08	3.42	0
383-13	177.5	96.67	10.58	-0.75	0	14.17	3.36	0
383-14	167.92	81.25	22.44	-0.25	0	14	3.34	0
383-15	183.33	102.78	27.52	0.67	0	11.56	3.97	0
383-16	208.33	127.08	20.74	-1.25	0	14.5	3.78	0
383-17	182.5	86.67	12.7	-2	0	13.92	3.6	0
383-18	178.33	91.25	22.44	-1	0	13	3.91	0
383-19	171.67	99.58	13.55	-0.5	0	12.83	3.58	0
383-20	193.89	98.33	18.2	-1.33	0	14.56	3.73	0
383-21	188.89	90	20.74	-0.33	0	13.44	3.45	0
383-22	211.67	117.5	19.05	-0.25	6.25	9.67	3.78	0
403-13	201.25	110.83	10.58	-1.25	0	11.75	3.48	0
403-10	191.25	103.75	11.85	0	0	11.33	4.41	0
403-11	182.92	90.42	17.78	-1.5	0	13	3.81	0
403-7	166.67	92.92	12.7	-3	0	13.5	3.57	0
403-1	177.08	93.75	18.2	-1	0	12.33	3.88	0
404-22	184.17	100.42	19.05	-0.5	0	9.92	3.7	0
395-26	179.58	94.17	21.59	-2.5	0	11.58	3.51	0
384-2	156.87	85	11.85	0	0	12.83	3.4	0
384-3	202.22	107.78	21.59	-0.33	0	12.67	3.6	0
384-4	212.5	120	16.93	0	0	10.67	3.74	0
384-5	191.67	116.25	17.36	0.25	0	10.83	3.66	0
384-6	205	102.22	18.63	-0.67	0	13.56	3.35	0
384-7	175	100.41	21.59	-0.25	0	10.83	3.58	0
384-8	197.5	125.83	16.51	-0.5	0	10.67	3.44	0
384-9	192.92	104.58	12.28	-0.75	0	10.25	3.51	0
384-10	168.75	82.08	16.09	0	0	10.92	2.96	0
384-11	205.83	124.58	13.12	-0.5	0	10.83	3.51	0
384-12	180.42	106.25	13.12	-1.25	0	13.67	4.05	0
404-2	177.92	82.09	19.9	0.25	12.5	14.67	3.16	0
384-14	172.08	97.5	21.59	-1.25	0	12.83	3	0
384-15	174.17	86.08	22.01	-0.25	0	11.83	3.64	0
403-28	190	116.67	14.82	-1.75	0	12.5	3.89	0
384-17	180	81.25	16.51	-1.5	0	13.08	4.2	0
384-18	217.92	123.75	18.63	-0.5	0	12	3.69	0
384-19	182.08	96.25	9.74	-0.5	0	11.56	2.94	0
384-20	219.17	115	25.4	0.5	0	11.83	4.01	0
384-21	191.67	98.33	33.44	-1.5	0	10.75	2.95	0
384-22	224.17	132.08	14.39	-2	0	12	3.14	0
385-2	179.58	100.83	14.82	-0.25	0	13.17	3.02	0
385-3	205.42	110.83	20.74	-1	0	12.58	3.93	0
385-5	202.92	114.17	20.32	-1.25	0	11.67	3.65	0
385-6	203.33	120.56	16.51	0	0	12.56	4.39	0
385-7	211.5	115.83	15.66	-0.25	0	16.67	3.73	0
385-8	199.58	114.17	15.24	-2	0	14	3.51	0
385-11	179.17	103.34	17.99	-0.25	0	9.75	3.13	0
385-12	189.17	97.5	20.74	-2.75	0	12.5	3.65	0
385-13	150	71.25	12.28	1.67	0	14	4	0
385-14	211.67	119.16	18.63	0	0	12.33	3.54	0
385-15	198.33	101.67	15.66	-0.25	0	11.5	3.47	0
385-16	184.45	96.11	16.09	0	0	13.67	3.22	0
385-17	196.11	82.78	13.12	0	0	14.89	3.76	0
395-6	198.33	96.67	13.55	0	0	12.83	3.98	0
385-20	170	92.5	19.47	-0.25	0	12.75	3.79	0
385-21	189.44	123.89	16.09	-1	0	10.22	2.25	0
385-22	177.5	108.33	15.24	-1.25	0	15	3.21	0
386-1	194.58	89.58	16.51	-0.75	0	16.67	3.25	0
386-2	179.17	83.75	19.05	-0.75	0	11.75	3.64	0
386-3	205.89	117.78	24.98	-0.67	0	12.22	3.51	0
386-4	191.67	91.25	13.55	0	0	12.17	3.58	0
386-5	187.5	111.67	9.74	-1.75	0	11.67	3.32	0
386-6	212.22	116.67	15.24	-0.33	0	12.22	3.92	0
386-7	197.22	130.56	13.97	0	0	12.44	3.41	0
386-9	201.67	101.67	22.01	-0.25	0	12.25	3.34	0
386-10	165.83	90	16.09	-0.75	0	12.17	3.92	0
413-4	177.22	77.78	12.28	0	0	14.22	3.88	0
386-12	185	107.33	11.01	0	0	10.83	3.81	0
404-13	215	115	22.44	0.33	0	12.22	4.05	0
386-14	185	98.34	14.39	-0.5	0	10.67	4.1	0
386-15	187.08	96.25	23.71	-0.75	0	13.17	3.51	0
386-16	172.22	93.89	14.39	-0.33	0	14.33	3.89	0
386-17	205.42	118.75	19.05	-0.5	0	11.83	3.61	0
387-1	177.08	93.33	16.09	0	0	10.5	3.32	0
387-2	206.67	116.25	19.47	-0.5	0	15	3.48	0
387-3	186.67	90	11.01	-0.67	0	13.11	3.72	0
387-4	205.83	114.58	15.24	-0.75	0	13	4.23	0
387-5	160	72.5	19.47	-0.25	0	12.67	3.12	0
387-6	172.92	92.08	12.7	-1.5	0	11.11	3.68	0
387-7	172.5	101.67	19.05	0	0	12.11	3.49	0
387-8	215.42	120	12.28	-0.25	0	10.17	3.24	0
387-9	194.17	107.08	19.05	-0.75	0	11.42	3.83	0
387-10	187.92	99.58	13.76	-1	0	11.58	2.97	0
387-11	182.92	91.25	12.28	-0.5	0	14.67	3.69	0
387-12	216.67	137.08	15.66	0.25	0	13.33	3.56	0
387-13	192.78	103.33	22.44	-0.33	0	12.44	4.14	0
387-14	211.25	115	14.82	-1	0	11	3.39	0
404-15	192.08	89.17	20.74	-0.5	0	13.33	3.79	0
387-16	190.83	97.5	12.7	-2	0	12.92	3.6	0
404-12	169.17	83.75	16.09	-2.5	0	17.25	3.8	0
387-19	213.33	115.56	16.51	0	0	12.67	3.28	0
404-16	195	100.56	15.66	-1.33	0	12	3.94	0
387-21	176.67	95.56	16.93	0.67	0	12.67	3	0
387-22	200.83	101.67	15.24	-0.75	0	11.17	3.82	0
387-23	220.83	122.5	6.01	-1.75	0	10.5	3.47	0
404-6	183.33	100.55	11.01	-0.33	0	14.67	3.18	0
387-25	174.45	90.55	14.39	-0.33	0	13.89	3.16	0
387-26	213.33	118.96	18.63	0	0	11.67	3.39	0
387-27	205	116.25	10.58	-1	0	9.33	3.65	0
388-1	207.92	112.08	22.44	-0.75	0	9.67	3.48	0
388-2	183.33	96.25	14.82	0.75	0	11.33	2.76	0
388-3	207.92	112.5	14.39	-0.5	0	11.83	3.74	0
388-4	189.17	104.58	14.39	-0.25	0	10.92	2.83	0
404-14	201.67	100	12.7	0	0	11.25	3.81	0
388-6	202.92	100.42	19.47	-0.75	0	10.83	4.12	0
404-3	220	125.55	17.36	1	0	12.44	4	0
388-8	201.25	101.25	19.9	1	0	11.17	3.38	0
388-9	156.67	76.67	15.66	-0.75	0	14.92	3.09	0
388-10	173.33	100.83	13.97	-2.25	0	11.08	3.69	0
388-11	213.75	110.42	15.66	-1	0	12.17	3.85	0
388-12	198.75	106.25	13.12	-0.5	0	13.5	3.33	0
388-13	200.83	101.25	13.97	-1.25	0	11.83	4.09	0
388-14	180	81.67	32.6	-0.33	0	15.44	4.31	0
388-15	189.17	110	17.36	-1.75	0	11.67	3.36	0
388-16	201.67	138.33	13.12	0.5	0	11.83	2.9	0
388-17	204.17	115.83	15.66	0.5	0	11.33	3.83	0
389-1	181.67	97.08	15.66	-0.75	0	13.33	4.04	0
389-2	202.08	122.92	11.85	-1	0	11.17	3.38	0
389-3	180	96.67	16.51	-2	0	16.83	3.28	0
389-4	164.58	86.25	18.2	-0.5	0	12.33	4.28	0
389-5	185.83	115	9.31	-0.25	0	12.67	3.15	0
389-6	184.17	91.67	19.47	-0.75	0	14.58	2.81	0
404-9	185.42	87.5	20.74	-0.25	0	15.5	3.91	0
389-8	178.33	86.67	9.74	-1	0	13.67	3.82	0
404-7	229.17	113.75	17.78	-1.5	0	13	4.41	0
389-11	184.58	120	17.78	-0.5	0	10.33	2.92	0
389-12	204.44	99.44	17.78	-0.33	0	11.44	3.9	0
389-13	204.58	122.92	11.85	-0.75	0	11.33	3.28	0
389-14	188.33	100.83	16.51	-0.25	0	11.17	4.12	0
389-15	200	106.67	17.36	0.25	0	10.92	3.87	0
405-4	175	97.92	14.82	-0.75	0	14.67	3.47	0
405-14	211.25	119.58	16.51	-0.5	0	11.25	3.51	0
389-18	178.89	93.33	21.59	0	0	12.11	3.81	0
389-19	184.58	97.5	16.09	0	0	12.5	3.97	23.34
389-20	182.08	97.5	14.82	-1	0	13.83	3.83	0
389-21	191.25	111.67	15.66	-1	0	12.67	3.31	0
405-10	206.67	127.5	16.93	0	0	11.33	3.55	0
390-1	188.33	101.67	27.52	-2	0	10.71	4.19	0
390-3	169.58	95	19.05	-1	0	14	3.89	0
390-4	208.54	132.71	19.47	0	0	10.5	3.22	0
390-6	172.08	92.5	13.12	-1	0	14.17	3.2	0
390-7	186.67	117.92	9.31	0.25	0	11	3.29	0
390-9	180	95.55	12.7	0	0	10.44	3.39	0
390-10	185.83	114.58	16.51	-0.25	0	14.67	2.95	0
390-11	192.22	131.11	11.01	0	0	9.56	3.73	0
390-12	191.25	112.08	12.28	-1.25	0	12	3.14	0
390-13	195.42	88.75	18.2	-1	0	14.42	3.58	0
390-14	186.67	97.22	13.97	-0.33	0	14.67	3.99	0
390-15	195	93.33	14.82	-1.25	0	12.42	4.32	0
390-16	196.67	106.25	16.93	-1	0	12.83	4.06	0
391-1	205	116.25	11.85	-0.25	0	8.83	2.94	0
391-2	213.33	124.17	33.02	-1.75	0	12.5	3.95	0
391-3	175	84.58	19.05	-0.5	0	15.17	3.16	0
405-3	188.75	108.75	19.05	-1.25	0	11.33	4.07	0
391-5	190.83	112.92	15.66	-0.5	0	13.5	3.4	0
405-15	197.29	106.67	22.86	-0.5	0	12.83	4.01	0
391-7	189.17	95.42	15.24	-1.5	0	13.17	3.81	0
391-8	199.58	99.58	16.51	-0.75	0	11	2.98	0
391-9	187.92	106.67	16.09	-1.5	0	14.17	3.75	0
391-10	206.67	126.25	15.66	-1	0	10.67	3.6	0
391-11	201.25	102.92	16.09	-1	0	10.42	3.71	0
391-12	217.92	122.5	10.16	0	0	12.08	3.21	0
391-13	211.25	109.17	23.71	-0.5	0	14.17	3.47	0
391-15	216.11	122.78	15.24	-1.67	0	13.78	3.19	0
395-27	172.08	103.33	15.66	-0.75	0	14.5	3.68	0
391-18	179.17	97.08	23.28	-2	0	10.17	3.22	0
391-19	192.92	105	19.47	-0.75	0	11.67	3.4	0
391-20	187.5	100.83	13.12	-1.5	0	11.83	2.81	0
391-21	191.67	101.25	13.12	-0.75	0	10.08	3.26	0
391-22	200	118.89	24.55	-2.5	0	12.08	3.28	0
405-7	172.22	98.89	17.36	-0.67	0	13.11	3.56	0
391-24	217.5	132.5	11.85	-1.25	0	10.33	2.95	0
391-25	183.75	115.42	19.9	-1	0	13.42	3.04	0
392-1	198.33	106.67	24.98	-1.5	0	13.33	3.36	0
392-4	175.42	100.42	18.63	-0.5	0	11.75	3.83	0
392-5	165.56	102.78	15.24	0	0	11	3	0
392-6	188.75	112.92	22.01	-0.5	0	11.33	3.55	0
405-9	178.33	87.08	19.05	-1.5	0	13	4.54	0
392-8	208.33	105.42	22.01	0	0	13.83	3.95	0
392-9	191.67	100	17.78	-1.25	0	11.25	3.43	0
392-10	189.59	103.75	13.97	-0.5	0	10.5	2.91	0
392-11	195	117.78	16.51	-1	0	9.56	3.44	0
392-12	178.33	98.33	27.52	-0.25	0	13.83	3.99	0
392-13	176.25	87.92	15.66	-1.5	0	11.83	3.66	0
406-10	216.25	119.17	19.9	-1	0	14	3.54	0
392-15	185.83	79.58	29.21	-1.25	0	10.75	3.48	0
392-16	232.22	137.78	19.47	-1	0	16.67	3.42	0
392-17	198.75	100.83	24.98	-0.75	0	10	3.93	0
392-18	178.75	84.58	17.78	-0.75	0	8.58	3.52	0
392-19	187.5	98.33	16.93	-2.25	0	13.92	3.62	0
392-20	191.67	98.75	13.97	-2.75	0	11.17	3.82	0
406-8	167.22	90	13.97	-1	0	13.33	3.75	0
392-22	208.33	121.67	19.9	1	0	14	3.34	0
392-23	176.67	94.17	17.78	-0.25	0	12.92	2.39	0
392-24	220	122.5	21.17	-0.67	0	14.58	3.12	0
392-25	175.83	74.59	22.01	-0.25	0	13.75	4.05	0
392-26	221.67	130.42	19.05	-0.75	0	13.17	3.6	0
392-27	173.33	92.92	13.12	-1.5	0	14	2.88	0
406-7	192.5	102.91	21.17	-0.25	0	14.17	3.52	0
406-5	175.83	73.33	27.94	-0.25	0	12.67	3.57	0
406-4	193.75	96.67	17.36	-0.5	0	13	4.42	0
406-12	190.83	108.33	13.97	-1	0	13.83	3.7	0
393-1	201.67	114.45	13.97	-0.33	0	12.67	4.26	0
393-2	175.42	101.25	18.2	-0.5	0	12.17	4.26	0
393-3	178.89	97.78	11.01	1	0	9.56	3.78	0
393-4	185.83	96.67	22.01	-0.75	0	12.92	4.07	0
393-5	185	97.08	13.12	-1.25	0	9.79	2.46	0
406-9	183.33	100	13.97	-0.25	0	14.42	4.27	0
393-7	163.75	84.17	17.78	-0.75	0	14.33	4.38	0
393-8	205.83	116.25	11.01	-0.5	0	11.33	3.41	0
393-9	204.17	105.83	14.82	-0.5	0	11	3.53	0
393-10	203.89	117.22	17.36	-0.67	0	12.22	3.15	0
393-11	169.16	90	16.51	0.25	0	9.5	3.23	0
393-12	190.42	108.33	16.93	-1.5	0	11.33	2.6	0
393-13	173.42	100.83	17.36	-1.5	0	9.17	2.89	0
393-14	210	121.11	19.47	0.33	0	10	4.08	0
393-15	213.75	123.75	11.85	-1	0	11.17	3.86	0
393-16	183.75	105	13.97	-0.75	0	12.67	4.07	0
393-17	187.22	97.78	16.09	0	0	15.11	3.53	0
393-18	200.83	122.92	16.09	-0.75	0	11.67	3.56	0
393-19	197.08	112.08	15.24	-0.5	0	10.92	3.78	0
393-20	210.84	126.25	15.24	-0.75	0	10.5	3.79	0
393-21	220	131.25	19.05	-0.25	0	13.67	3.56	0
393-22	208.75	86.25	16.51	-0.75	0	13.58	5.19	52.5
407-16	207.5	117.08	22.01	0.25	0	10.5	3.27	0
393-25	178.75	105.42	13.55	-0.75	0	13.25	3.56	0
394-1	182.08	97.5	13.12	-0.5	0	12.67	3.39	0
394-2	190	101.25	18.63	-1	0	14.25	3.59	0
394-4	200	115.42	13.97	-0.5	0	12.42	3.9	0
394-5	187.08	95.42	11.85	-0.25	0	11.17	2.61	0
394-6	162.92	84.58	21.17	0	0	12.92	4.72	0
394-7	179.58	93.33	18.63	-0.25	0	11.42	3.74	0
394-8	202.92	121.67	11.01	-0.75	0	10.42	3.01	0
394-9	208.75	115	16.09	-0.25	0	14.25	4.97	0
394-10	192.92	117.08	14.39	-0.25	0	17.83	3.39	0
394-11	185	90.42	15.66	-1.75	0	13.83	4.33	0
394-12	165.83	91.25	11.85	0.5	0	10.75	2.97	0
394-13	210.83	122.5	16.93	-0.5	0	15.17	3.18	0
394-14	226.46	133.12	15.66	0	0	12.44	3.51	0
394-15	194.17	107.92	14.39	0	0	12.75	3.7	0
394-16	195.42	115.83	14.82	-0.75	0	10.58	3.31	0
407-18	212.5	124.17	21.17	-1.5	0	10.25	4.33	0
394-18	202.22	109.44	17.36	-0.33	0	12.22	2.94	0
394-19	201.25	94.17	12.28	-0.75	0	12.5	3.09	0
394-20	218.75	122.5	13.55	0	0	12.33	4.5	0
394-21	213.33	123.89	20.32	1	0	13.11	3.67	0
407-1	185.42	101.25	14.39	-0.75	0	15.17	3.72	0
394-23	217.92	135	29.21	-0.75	0	9.83	3.71	0
394-25	193.33	125.83	14.39	1	0	9.33	2.93	0
407-7	184.17	90.83	13.97	-0.75	0	12.75	3.43	0
394-27	172.29	80.21	16.51	-0.33	0	15.33	3.19	0
394-28	170.83	91.25	27.52	0	0	9.42	4.21	0
394-29	194.17	103.75	14.82	-0.5	0	11.75	3.89	0
394-30	190.83	121.25	11.43	-0.75	20	12.75	3.71	0
394-31	215.83	121.04	34.29	-1.25	0	12.83	3.46	0
394-32	211.67	110	23.71	-0.5	0	13.42	4.25	0
394-33	181.67	108.75	15.66	-1.25	0	13.25	3.54	0
407-11	209.58	111.25	15.66	-2	0	14.33	3.31	0
407-14	207.92	115.42	13.97	-1.25	0	11.17	4.5	0
407-6	192.92	102.92	15.24	-0.25	0	12.33	4.48	0
407-20	187.92	107.08	13.55	0.25	0	13.75	3.36	0
407-15	191.67	97.09	16.09	-1	0	17	3.56	0
395−3	179.17	108.33	13.97	-0.5	0	10.08	2.8	0
408-10	192.5	88.75	15.24	-1.5	0	13	3.66	0
408-11	232.08	138.75	16.93	-0.75	0	12.42	3.62	0
408-9	182.08	112.5	27.09	-0.25	0	14.33	3.32	0
408-5	170.83	87.08	11.85	-0.5	0	12.67	3.09	0
408-3	199.58	118.33	14.39	-0.25	0	11.33	4.09	0
